,0,tick number
0,0.0,0
1,0.000270492477703609,48
2,0.0015244455821156488,96
3,0.005452673100812074,144
4,0.0,0
5,0.0003166104210818038,48
6,0.0011271827447829647,96
7,0.0032109178582483103,144
8,2.8870226813987246e-05,0
9,0.000334284696609229,48
10,0.0017715390394469426,96
11,0.0032450030166199517,144
12,0.0,0
13,0.00027821749631300495,48
14,0.0011021005016221559,96
15,0.002963766611148181,144
16,0.0,0
17,0.0001896255822109748,48
18,0.001203951304773651,96
19,0.010281232686174566,144
20,0.0,0
21,0.0003304535717018045,48
22,0.001145075130532794,96
23,0.003088045174101289,144
24,0.0,0
25,0.000325479501540259,48
26,0.0016339063514602225,96
27,0.0042808037197426384,144
28,0.0,0
29,0.00014226567636876198,48
30,0.0010820413492272276,96
31,0.0023693158600577463,144
32,0.0,0
33,0.0002089769440494098,48
34,0.0017757930079231482,96
35,0.006354371013343884,144
36,0.0,0
37,0.00038124688738982104,48
38,0.00129655492252097,96
39,0.0043483419299089904,144
40,0.0,0
41,0.00017613144660630307,48
42,0.0015150471414380425,96
43,0.009667507312722083,144
44,0.0,0
45,0.00027756632086957964,48
46,0.0014949219119327376,96
47,0.005790966833338829,144
48,0.0,0
49,0.000193550857486045,48
50,0.0020967963820052076,96
51,0.003824422142773034,144
52,0.0,0
53,0.00041441131947633596,48
54,0.0012491576708721927,96
55,0.006098553574327264,144
56,0.0,0
57,0.0005254351102125676,48
58,0.0010823580210472432,96
59,0.004717336477965841,144
60,0.0,0
61,0.00047718491973267724,48
62,0.0016258968970412502,96
63,0.0018849315653907191,144
64,0.0,0
65,0.00025682037082205665,48
66,0.001371535089213877,96
67,0.006022542598921681,144
68,0.0,0
69,0.00023081983674896254,48
70,0.0017237303945210813,96
71,0.011371389844897268,144
72,0.0,0
73,0.0002377250768157786,48
74,0.0009026462875669107,96
75,0.0015153418559815197,144
76,0.0,0
77,0.0002956563084891766,48
78,0.0014520468064845565,96
79,0.005408740672994981,144
80,0.0,0
81,0.00019599775361178374,48
82,0.001444138730545182,96
83,0.004171459111217384,144
84,0.0,0
85,0.0002948769701607214,48
86,0.0016627542774266721,96
87,0.0035347898643035788,144
88,2.8870226813985396e-05,0
89,0.00033319749642504157,48
90,0.001231909084798545,96
91,0.004517018229795254,144
92,0.0,0
93,0.0004201757180460699,48
94,0.0019016384383406559,96
95,0.004349411623069199,144
96,0.0,0
97,0.0002541631813047123,48
98,0.0012493442472914507,96
99,0.007559553416410359,144
100,0.0,0
101,0.00029497357251809226,48
102,0.0012961200256767524,96
103,0.0042205286393169165,144
104,0.0,0
105,0.0001276716667603135,48
106,0.0011683654428701726,96
107,0.003901280317259718,144
108,0.0,0
109,0.00011214929086663781,48
110,0.0017751191567872443,96
111,0.0026417038793820472,144
112,0.0,0
113,0.0003164048312499355,48
114,0.0013559856349694326,96
115,0.010935162693061941,144
116,0.0,0
117,0.0003887695082790772,48
118,0.0007915356872204854,96
119,0.003072037038895787,144
120,0.0,0
121,0.00035896707563175403,48
122,0.001258686382647495,96
123,0.013009616800597616,144
124,0.0,0
125,0.00019566528823588018,48
126,0.0014584800630103628,96
127,0.00609371108758548,144
128,0.0,0
129,0.0002335756326159184,48
130,0.0014481758504279931,96
131,0.0024130115463501874,144
132,0.0,0
133,0.0004733054109318502,48
134,0.0013440468499016716,96
135,0.00893971276251851,144
136,0.0,0
137,0.000336204928272992,48
138,0.0011976183177231003,96
139,0.008820076013918187,144
140,0.0,0
141,0.0002357199514565262,48
142,0.0019161023934326394,96
143,0.0040159667720033754,144
144,0.0,0
145,0.0002584520024744252,48
146,0.0018419648289693643,96
147,0.0028534362285088507,144
148,0.0,0
149,0.00021876268078006316,48
150,0.0016645718913187427,96
151,0.0032040311173344373,144
152,0.0,0
153,0.00014427008408263932,48
154,0.002269650340575582,96
155,0.004897690110856109,144
156,0.0,0
157,0.0002284000156406827,48
158,0.0025133968000376036,96
159,0.0032899484986083365,144
160,0.0,0
161,0.00032810599200597035,48
162,0.001756813017146027,96
163,0.003890308892201473,144
164,0.0,0
165,7.324872320151967e-05,48
166,0.002157070757279469,96
167,0.0034003373537286607,144
168,0.0,0
169,0.0002486235248782498,48
170,0.0022210866583832916,96
171,0.006726058809056985,144
172,0.0,0
173,0.00032041672697545766,48
174,0.0014016174334279194,96
175,0.011591324905817778,144
176,0.0,0
177,0.00025620987761588917,48
178,0.002169285678466462,96
179,0.008271176097334283,144
180,0.0,0
181,0.0002524256708203716,48
182,0.0016905397738609142,96
183,0.002055378107601613,144
184,0.0,0
185,0.0002924129475326545,48
186,0.001286841902841477,96
187,0.003205254173875235,144
188,0.0,0
189,0.00020590797495363615,48
190,0.001841129436181939,96
191,0.013071599027979114,144
192,0.0,0
193,0.00026572806309928373,48
194,0.0029738177036723163,96
195,0.0019259766029083526,144
196,0.0,0
197,0.0001975256123462014,48
198,0.0014385729856051096,96
199,0.00453481699845759,144
200,0.0,0
201,0.00036483132079532463,48
202,0.0011948353728809123,96
203,0.008097448245909643,144
204,0.0,0
205,0.0002477923693412903,48
206,0.0013962868957458558,96
207,0.003373785714001301,144
208,0.0,0
209,0.0003083979295001544,48
210,0.0022236929543115727,96
211,0.0035878796069018296,144
212,0.0,0
213,0.0003022478378307631,48
214,0.001442833624322209,96
215,0.005355203284166392,144
216,0.0,0
217,0.00010981473545951159,48
218,0.0012591921000905501,96
219,0.007420928585110839,144
220,0.0,0
221,0.00048700032374720577,48
222,0.0014861670248200677,96
223,0.00346265154530356,144
224,0.0,0
225,0.0003986506834989429,48
226,0.0019098738269418684,96
227,0.0036153568267404987,144
228,0.0,0
229,0.0003640023666583263,48
230,0.0014650981361992753,96
231,0.0032060389341833917,144
232,0.0,0
233,0.00021799318214051256,48
234,0.001424639756881915,96
235,0.003225716185829778,144
236,0.0,0
237,0.0001748744305527774,48
238,0.0014453862689594917,96
239,0.0043742153041216435,144
240,0.0,0
241,0.00027019811402542645,48
242,0.0016260776458272921,96
243,0.00589356013728992,144
244,0.0,0
245,0.00025464081371194726,48
246,0.001982339596413353,96
247,0.0024736990138613806,144
248,0.0,0
249,0.0002765267455282569,48
250,0.001274177333115192,96
251,0.0036048291806692638,144
252,0.0,0
253,0.00039733055806582526,48
254,0.0016409117004512186,96
255,0.004174641323103064,144
256,0.0,0
257,0.00044200850759774506,48
258,0.0016259612791895445,96
259,0.005480861806002606,144
260,0.0,0
261,0.0003016895725251183,48
262,0.0013992982774188526,96
263,0.011817352788128111,144
264,0.0,0
265,0.0002736468795600914,48
266,0.002028046330786229,96
267,0.002434225670847872,144
268,0.0,0
269,0.00016891585177153233,48
270,0.00129519139336304,96
271,0.005141828330548646,144
272,0.0,0
273,0.000251060495690596,48
274,0.0017256880238246083,96
275,0.006775695469808986,144
276,0.0,0
277,0.00016447829078052007,48
278,0.001101233124914007,96
279,0.013938486960690423,144
280,0.0,0
281,0.00033414494635485204,48
282,0.0019982735118378534,96
283,0.009672143201152505,144
284,0.0,0
285,0.0003021311295873163,48
286,0.0015895520195280263,96
287,0.007382396611785005,144
288,0.0,0
289,0.00019264721568427255,48
290,0.001499146069997703,96
291,0.006036067294910715,144
292,0.0,0
293,0.00018611873127833496,48
294,0.0012016765466633722,96
295,0.005492301876570657,144
296,0.0,0
297,0.0003154754155326531,48
298,0.0014655077204643058,96
299,0.010499703352094807,144
300,0.0,0
301,0.0003359090354016423,48
302,0.0016457293083756647,96
303,0.0056603485954306205,144
304,0.0,0
305,0.00022683064012010893,48
306,0.0018307985574012439,96
307,0.0035655799261095225,144
308,0.0,0
309,0.00026133346697516333,48
310,0.001860630578497901,96
311,0.005681724572903971,144
312,0.0,0
313,0.00030003805204579365,48
314,0.004061588334528411,96
315,0.0045697020938902525,144
316,0.0,0
317,0.00032077265307279385,48
318,0.0011369771354115456,96
319,0.004179584063322938,144
320,0.0,0
321,0.0003337463969308128,48
322,0.0014286557096631276,96
323,0.006875036885003298,144
324,0.0,0
325,0.00019817689573033606,48
326,0.00158297145312055,96
327,0.004625472558965133,144
328,0.0,0
329,0.0004170513436199471,48
330,0.0013613170487015904,96
331,0.006947389522122234,144
332,0.0,0
333,0.00026385813582528565,48
334,0.0015967720102622077,96
335,0.0032893629653083056,144
336,0.0,0
337,0.00013603723643402466,48
338,0.0019383337000029107,96
339,0.0030526528055529684,144
340,0.0,0
341,0.0002138229189486447,48
342,0.0012392630894594977,96
343,0.004843010514893592,144
344,0.0,0
345,0.00027638237247030534,48
346,0.0008658377175626488,96
347,0.0028195003218579573,144
348,0.0,0
349,0.0002184872225118433,48
350,0.001144295422007943,96
351,0.003920958393291184,144
352,0.0,0
353,0.0002954874366527375,48
354,0.0013644435395328165,96
355,0.002961832553506913,144
356,0.0,0
357,0.00031436866305094703,48
358,0.001797142733361518,96
359,0.006163229767413795,144
360,0.0,0
361,0.00018810367147420977,48
362,0.0016911509421753943,96
363,0.003966632186513361,144
364,0.0,0
365,0.0002994467358742364,48
366,0.0014572427398138888,96
367,0.00447102208160196,144
368,0.0,0
369,0.000290030994951986,48
370,0.00138214119034029,96
371,0.00897137890139634,144
372,0.0,0
373,0.00040160543478057274,48
374,0.002742732261753259,96
375,0.003884640741354026,144
376,0.0,0
377,0.0003337489821174164,48
378,0.001930173947563595,96
379,0.004845126306044691,144
380,0.0,0
381,0.00031178443980650936,48
382,0.0014937324355097214,96
383,0.0027595787074387156,144
384,0.0,0
385,0.00024521307498001535,48
386,0.0014394538310840894,96
387,0.004913488452712657,144
388,0.0,0
389,0.00034500562865992317,48
390,0.0013078086082967413,96
391,0.0084297062704194,144
392,0.0,0
393,0.00021343346211741764,48
394,0.0016130517434731972,96
395,0.0016849509267149452,144
396,0.0,0
397,0.00020927515450323348,48
398,0.0019596679761752973,96
399,0.002935574560670594,144
